evaluation	1.06	3.07	4.04	5.07	7.04	13.09	15.11	21.06	23.09	73.15	3.065	5.033	5.043	5.053	8.041	9.083	1.049	1.085	3.063	3.077	4.068	4.085	5.043	8.965	8.976	4.083	5.066	7.044	7.08	7.099	8.084	8.109	4.999	6.997	7.03
S002_C_1	0.251831703	0.073392069	0.068865537	0.230840898	0.558408883	0.159165147	0.389938861	0.36924685	0.208107597	0.026286052	0.33486874	25.68818916	3.374333144	1.06672943	0.284437873	7.440242307	0.318172009	0.901447639	24.28414372	4.428225857	0.917727367	0.090386195	4.137370441	0.04629332	0.023833794	0.260857669	0.325812049	0.783100542	11.01812194	1.208601956	10.15894182	0.035518336	0.393557086	0.027696012	0.115307987
S002_B_1	0.314404136	0.080077505	0.021612438	0.449910519	0.31222426	0.143427607	0.098061558	0.40010733	0.321871162	0.114289139	0.227761908	28.60879778	3.776286752	1.048234293	0.256137946	7.174645344	0.076560055	0.506876766	22.84491623	4.203635199	0.941156255	0.078404347	7.723650508	0.042292344	0.026551804	0.259374787	0.14353918	0.521223941	9.080818239	0.93639214	8.75583761	0.03316205	0.353638456	0.022482755	0.101637649
S002_A_1	0.20871658	0.044615829	0.023862224	0.342952781	0.256141376	0.131572891	0.115133989	0.313269225	0.24733255	0.087565039	0.187082517	29.14446622	3.389268959	1.059456593	0.25525697	6.912566451	0.139056781	0.481922213	23.79124514	4.057178339	0.925868418	0.082054513	7.393324928	0.034973946	0.01988687	0.214858672	0.150361084	0.309138101	9.417766079	1.008386562	8.835583678	0.029886273	0.293406418	0.02391689	0.071924904
S002_B_2	0.181058123	0.041844548	0.02230789	0.327713618	0.239816545	0.126523028	0.093466111	0.281781803	0.221248193	0.083659479	0.20562172	29.81916892	3.293579542	1.098488253	0.245862685	5.87526666	0.142475072	0.443246359	24.76760926	4.0550473	0.899133819	0.083334963	7.083278533	0.033467844	0.015329108	0.20162261	0.13694465	0.287416336	9.621791168	0.983647517	8.669315401	0.027342905	0.299608207	0.023564549	0.068417281
S002_C_2	0.247739771	0.072138711	0.086321526	0.251997977	0.58186547	0.165142643	0.448725276	0.426580629	0.23348667	0.040868953	0.29643556	25.97316031	3.148152725	1.130914702	0.282097689	5.748112111	0.289292188	1.038730069	25.0395421	4.010210829	0.933027289	0.08958863	4.1636463	0.046362036	0.023589119	0.27317095	0.346959271	0.856253264	11.61130574	1.068966337	10.52628579	0.036024756	0.378804144	0.024846619	0.10965384
S002_A_2	0.19100185	0.049682162	0.020849428	0.305425659	0.253755515	0.129022272	0.096594678	0.301494215	0.199875424	0.076058534	0.157724619	29.87844959	3.198280699	0.991494896	0.235771343	5.194368417	0.141530088	0.467062712	24.74305197	3.966234986	0.90772216	0.078547256	7.25212737	0.034929411	0.017827566	0.203119439	0.131769033	0.232031614	10.03843057	1.001539439	9.079756051	0.027313971	0.296473797	0.021528377	0.07915488
S006_C_1	0.244596452	0.074894593	0.06185855	0.184105609	0.522421036	0.146704944	0.392526539	0.308030899	0.166431867	0.023150126	0.291926	23.43495723	3.29814141	1.119031111	0.282017939	4.265574811	0.461894938	0.906197264	26.69758009	4.726672131	1.006469021	0.093184827	4.436857447	0.04632635	0.026579567	0.299881572	0.343045056	0.836351061	12.28665933	1.331358315	11.07325858	0.034724485	0.435091787	0.035213596	0.106285456
S006_A_1	0.172422157	0.042460033	0.011953033	0.224757475	0.222926034	0.115314233	0.065133606	0.231305927	0.161860832	0.055355841	0.16619142	30.33235509	3.545464801	0.940350952	0.255552027	3.965824176	0.28497553	0.474435561	24.80302925	4.29323515	0.957006154	0.083198591	7.643817972	0.035057686	0.020202857	0.210276231	0.129530235	0.304695723	9.835587737	1.004405882	8.982587554	0.03020097	0.305462039	0.021088864	0.071978377
S006_B_1	0.188716314	0.042178041	0.018381213	0.219093035	0.227964005	0.1223381	0.087276056	0.241601849	0.160771411	0.058933139	0.142760491	28.98924676	3.557383249	1.013804353	0.268860718	3.700333507	0.255021723	0.458112541	25.21245837	4.378423441	0.982537199	0.093787221	8.179352554	0.039011869	0.020005479	0.241021874	0.132445647	0.296692092	9.921844905	1.015620729	9.288378038	0.030247259	0.332875395	0.023134264	0.059387158
S006_C_2	0.219543889	0.066814629	0.063941448	0.165735353	0.459286675	0.151058653	0.410770863	0.280433404	0.150035723	0.019027024	0.317332351	22.92519932	3.230079404	1.150334418	0.282008114	5.757201282	0.358479937	0.867003171	26.17040671	4.767939813	1.009993981	0.091595583	4.502385101	0.048209362	0.024166899	0.305018412	0.327668496	0.811852222	12.12910894	1.310320254	11.03537513	0.039388211	0.431883005	0.028892866	0.09150935
S006_B_2	0.208480089	0.052571572	0.012462768	0.220528259	0.224479351	0.12272253	0.067724152	0.248319169	0.163852439	0.058356945	0.151055718	28.9087886	3.475752532	0.996543537	0.263782347	4.324471	0.261851325	0.465312128	24.84700613	4.467697959	0.985994112	0.088613258	8.331483384	0.037414352	0.020708725	0.236410191	0.125789699	0.328810368	9.678731625	1.02133742	9.152387435	0.032305589	0.330688658	0.024775526	0.062791115
S006_A_2	0.188387175	0.043075749	0.018181516	0.218425763	0.229770269	0.120163619	0.097195773	0.242416656	0.154337308	0.060448656	0.160901089	29.10635081	3.542986355	1.0493144	0.28161444	3.542345159	0.222266781	0.462292098	25.01205474	4.541020242	1.008584205	0.089535829	8.190460622	0.040061355	0.021378061	0.236189867	0.13606276	0.297343087	9.833235693	1.059494533	9.337497477	0.034502579	0.332760381	0.021420934	0.067924026
S001_A_1	0.093452053	0.020788685	0.025878421	0.311403645	0.199019702	0.141324923	0.150179142	0.148980781	0.173794909	0.077729331	0.6233494	22.35429235	5.382665429	1.228079415	0.264948452	11.23244609	0.305694156	0.409347483	20.57773098	5.891025668	0.923526782	0.129225867	8.845030443	0.044860772	0.035890513	0.285919486	0.120727298	0.207090371	8.60030394	1.551255325	9.152133519	0.051190958	0.370668178	0.027734006	0.042311517
S001_C_1	0.191549424	0.085776485	0.117901647	0.277907804	0.514330344	0.180561781	0.827938774	0.328422195	0.21567898	0.039062638	0.85099785	14.99581427	5.162013954	1.597941914	0.278917449	12.03387062	0.378105943	1.169126161	21.20186301	6.158045025	0.976065306	0.149685994	5.434821632	0.062509452	0.046758331	0.416702144	0.358308748	0.615340623	11.03586717	2.024443895	11.53826004	0.063211216	0.554487277	0.036485192	0.08122672
S001_B_1	0.094256227	0.05647979	0.077618552	0.109979094	0.534925253	0.12181461	0.299351208	0.302216387	0.073944031	0.026408629	0.586993611	14.58838127	4.651654272	1.515071552	0.264931435	13.3467955	0.091798185	0.442397155	24.85502881	7.295312714	1.113845283	0.148265018	5.46200484	0.036885571	0.023998802	0.417755904	0.281050948	0.196358189	10.09984298	1.920083776	10.59958685	0.058519765	0.253263129	0.015747389	0.037433274
S001_C_2	0.206684359	0.062967698	0.08731906	0.185948671	0.427964158	0.203613504	0.745168664	0.268555858	0.163588879	0.02565296	0.555327145	19.58466639	3.910343287	1.366530667	0.277561289	9.935755491	0.23372727	1.092581273	21.54300746	6.116769488	0.980468132	0.130617482	5.322943436	0.063805303	0.043202196	0.404452005	0.318084999	0.562805443	11.17487651	2.015937916	11.25529729	0.064008094	0.566931258	0.035731613	0.067104747
S001_A_2	0.189720838	0.039894671	0.016762499	0.367066401	0.236928625	0.191418663	0.092605847	0.219461789	0.212806893	0.095157245	0.548764431	15.70914131	4.561112029	1.516982493	0.297908663	7.369034745	0.171546686	0.405867747	24.15656991	7.04728299	1.067987267	0.164658294	12.84197179	0.056626744	0.035406286	0.367188247	0.147558114	0.014605894	9.499504038	1.809696537	9.91159992	0.059519799	0.472497357	0.041260874	0.063884364
S001_B_2	0.117581289	0.070545317	0.065406597	0.034376697	0.391418386	0.102862617	0.288645629	0.270426108	0.09191769	0.02334159	0.369100749	21.68542721	3.368051256	1.313832485	0.264303544	8.012218806	0.174739581	0.403435386	26.40315893	6.93669332	1.11540241	0.153742603	4.738319306	0.036031184	0.024168666	0.363068167	0.251439245	0.278832345	10.30830878	1.829556184	10.09921149	0.05619336	0.287673918	0.024240032	0.046329129
S003_B_1	0.097909183	0.027891092	0.015365444	0.151874889	0.134078717	0.127963977	0.107777299	0.117573892	0.096909563	0.07108092	0.175934053	26.83436768	3.004643049	1.023150945	0.298537629	5.330513913	0.157260589	0.383147613	24.17454559	5.423607427	0.952180045	0.128999125	8.863912658	0.043047404	0.02861072	0.23855968	0.099714298	0.042613972	10.17821074	1.638959545	9.52003949	0.045517321	0.410775131	0.032685867	0.022040548
S003_A_1	0.063448007	0.031836313	0.008677375	0.078427989	0.08732549	0.123053561	0.095720758	0.057924736	0.042491301	0.059116199	0.158140557	27.68434128	2.920013062	1.015654845	0.301909707	4.319509048	0.101532042	0.363936912	24.83987833	5.427681327	0.958294849	0.126618117	8.233463895	0.044016294	0.029168959	0.226545269	0.08865125	0.022508638	10.52376739	1.662876779	9.774049145	0.046743978	0.428564683	0.035198385	0.018913536
S003_C_1	0.108117686	0.059151312	0.043427492	0.107377867	0.249393915	0.145558529	0.461405673	0.116832547	0.06527669	0.023386258	0.217582258	24.3689671	2.652136513	1.044495866	0.313095862	4.58770982	0.172091596	0.684268063	25.92411156	5.527080874	0.960239598	0.127914487	4.474851939	0.052183163	0.032146753	0.298540299	0.226836794	0.171250442	12.74922092	2.053447256	11.35723628	0.057948355	0.491292003	0.03872696	0.036697273
S003_A_2	0.09440375	0.029366666	0.012132858	0.115332692	0.110504792	0.119566207	0.09990009	0.094078605	0.063863358	0.061994037	0.17448818	28.60543094	2.909339165	1.019571968	0.296019104	4.114430731	0.090270259	0.412459698	25.03242217	5.182553988	0.925592071	0.121607296	7.825885795	0.039200758	0.026193702	0.222707939	0.089403736	0.025852387	10.52358717	1.646405027	9.433635756	0.04650998	0.386540186	0.030758981	0.017989958
S003_B_2	0.096058404	0.030261388	0.011240073	0.112124928	0.114322959	0.114500472	0.079089651	0.105477176	0.065378913	0.058635019	0.149656713	28.48283036	2.939870972	1.001773913	0.284721365	4.484596113	0.127642188	0.346169752	24.6453641	5.442758127	0.939154941	0.124354101	8.082244847	0.036952015	0.023145562	0.221637321	0.098262192	0.036130617	10.29736837	1.664011121	9.329509024	0.048319999	0.358420498	0.027486929	0.020529871
S003_C_2	0.099039782	0.060707556	0.037789822	0.100525286	0.232009941	0.131044375	0.387420019	0.111399913	0.049138884	0.021091083	0.226709934	23.85724265	2.624819983	1.074635916	0.316062333	4.271483353	0.145413523	0.599195199	26.99076603	5.776723662	0.971642986	0.134263964	4.373922702	0.050272225	0.03155127	0.274394901	0.199418265	0.127490067	12.78135682	2.030113739	11.2825229	0.057798664	0.500771716	0.042724431	0.028536113
S005_A_1	0.159463779	0.020954777	0.022746194	0.227583527	0.196544194	0.122461349	0.085015313	0.213678084	0.153603587	0.059479764	0.238739814	28.27689234	3.624815301	1.161304242	0.252543009	10.11270021	0.28811244	0.53998432	21.86122927	3.940514513	0.888229839	0.07479968	7.563742365	0.035848541	0.019414174	0.203083112	0.139859736	0.18501866	9.148964297	0.914729334	8.823493342	0.032643353	0.328074666	0.024111269	0.059621606
S005_B_1	0.176532601	0.033383469	0.015190763	0.255714605	0.245510849	0.130559478	0.105135197	0.257277535	0.17787486	0.060402613	0.243747968	29.08526079	3.948406103	1.068204813	0.248084922	8.039505486	0.214436596	0.484029934	22.32322925	4.19972286	0.945139385	0.088937534	7.582320636	0.034896175	0.019025402	0.225619301	0.11236962	0.212384447	9.172749455	1.046114315	8.795205263	0.030101873	0.329137286	0.022265234	0.071523375
S005_C_1	0.247614926	0.081482823	0.073316798	0.248288438	0.559014173	0.178324495	0.489697165	0.389110839	0.210413471	0.027582111	0.369219584	24.07911308	3.335623156	1.296017815	0.273663504	8.258472004	0.506100853	1.126091886	22.9809427	4.244299278	0.910498248	0.095349506	4.558548721	0.053668164	0.024977927	0.312407679	0.328192481	0.703609862	11.44443784	1.224361077	10.70204454	0.041486412	0.480578116	0.034820861	0.110629459
S005_A_2	0.163467488	0.024548957	0.019976874	0.301665208	0.262323951	0.119958937	0.09222685	0.296520553	0.217244101	0.069935569	0.249364213	27.48326445	3.87501748	1.051060056	0.234323472	9.57220829	0.205024186	0.513072557	22.03246039	4.2052745	0.924731668	0.080228922	7.657742719	0.037218729	0.022444034	0.24337379	0.132529606	0.257406127	9.152878873	0.993016877	9.034140063	0.033699683	0.324563995	0.022577454	0.094509372
S005_C_2	0.205800475	0.07204836	0.043803399	0.156082745	0.42560802	0.151783502	0.386575012	0.229379974	0.132166788	0.020993966	0.333120789	25.89302534	3.235243638	0.985550669	0.276474999	5.134369659	0.325670764	0.917329146	25.41352041	4.403804362	0.941583275	0.090112739	4.370658438	0.046081629	0.026465762	0.278926626	0.27795679	0.508908772	11.98896258	1.346290806	10.74414431	0.036592494	0.473914061	0.036404427	0.090645266
S005_B_2	0.218365708	0.057052365	0.042872473	0.178454353	0.646714905	0.09638021	0.173314481	0.417020986	0.11943589	0.020534978	0.253332342	27.54365917	3.937458687	1.074414634	0.28085699	7.422801861	0.267261484	0.510589235	24.58564615	4.540645749	0.995482962	0.087030808	3.820257054	0.023704831	0.014517229	0.267620031	0.303752163	0.639445283	10.16809172	1.118411051	9.756304664	0.036065947	0.230292306	0.015919847	0.136291453
S007_B_1	0.250428619	0.07206958	0.048453936	0.14955917	0.494254456	0.105513349	0.221726474	0.231463007	0.071806214	0.027343037	0.363692952	24.47299733	5.079846848	1.291113214	0.32738986	7.727648103	0.288109276	0.447354377	25.14421418	4.826011911	1.128407775	0.10555886	4.44803417	0.035444732	0.020454264	0.367966864	0.329605865	0.552292139	10.09148583	1.104563735	9.738284106	0.041085761	0.273037164	0.022425288	0.100357559
S007_C_1	0.230901819	0.087461345	0.067745342	0.197860318	0.545073562	0.181462039	0.509252235	0.222082627	0.160259838	0.020321289	0.392700832	24.45121007	3.442003484	1.065223387	0.319207353	4.711474968	0.347528575	1.081721426	24.85138115	4.151684324	1.043237759	0.076659171	5.113228871	0.064952236	0.033707547	0.362598608	0.387711593	0.771428478	12.0253692	1.151297276	11.17926402	0.037277828	0.563303871	0.038932435	0.114475121
S007_A_1	0.14039893	0.038263287	0.014890444	0.2025401	0.159031845	0.126538456	0.100591681	0.167797498	0.136339204	0.058607757	0.298568669	26.23449235	3.526862048	1.05862283	0.31752742	5.731884991	0.30506899	0.509235782	24.23785715	3.93884159	1.034411629	0.081019195	9.864911756	0.044945019	0.025152128	0.284492978	0.134938624	0.288864673	9.909697983	0.91215452	9.628345826	0.029760258	0.378228254	0.026718042	0.052398088
S007_B_2	0.133296029	0.057555657	0.042101835	0.089442679	0.339457397	0.080572822	0.205197137	0.178963154	0.061923456	0.01822366	0.304857312	25.67157486	3.9755777	1.209920495	0.343037439	6.890080114	0.261043598	0.468318093	25.99454451	4.605516719	1.121087267	0.091500163	4.735556824	0.033011176	0.016904644	0.344501133	0.302255993	0.629843694	10.34923683	1.036669067	10.02812768	0.039906127	0.249452237	0.018078247	0.072664256
S007_A_2	0.166754305	0.058701696	0.041542464	0.092366685	0.329829398	0.09159415	0.167619543	0.212554906	0.071702175	0.015266626	0.270396219	24.42794951	3.775520742	1.219770845	0.360735356	7.38391612	0.282464275	0.385067987	26.45109037	4.690316621	1.145735233	0.091567291	4.809369174	0.031423611	0.016212748	0.343076814	0.315763721	0.536621781	10.42372721	1.04876199	10.37844377	0.038985845	0.235328751	0.021592132	0.068229929
S007_C_2	0.252864715	0.074605223	0.057536232	0.121818414	0.387649685	0.1520442	0.475635983	0.208747733	0.113381476	0.024947386	0.361482815	24.28505325	3.514488439	1.17300469	0.348740848	4.243092296	0.268356029	0.937372058	25.83492687	4.586970571	1.09774769	0.099302932	5.070487484	0.062597665	0.033212814	0.360530054	0.340970567	0.746519113	11.7552606	1.194242752	11.14052282	0.037669928	0.520082309	0.04094627	0.077188099
S004_B_1	0.222618557	0.120152882	0.050346774	0.172163182	0.541090336	0.11306033	0.193099877	0.356381385	0.125897996	0.025728638	0.576911604	27.65447375	3.74044569	1.169078297	0.276402774	7.006164173	0.900951645	0.784554965	23.99679743	4.083807921	0.927707829	0.076230345	3.873149604	0.02462286	0.014814918	0.276545525	0.347027097	0.758307614	10.47607664	1.108355104	9.638500962	0.029369063	0.209621751	0.013199331	0.11634315
S004_C_1	0.289653023	0.13101906	0.065332031	0.260960911	0.592845355	0.188927165	0.470707457	0.335111396	0.20802659	0.032732287	0.579756592	23.6932804	3.435743461	1.087735304	0.296231591	5.639711829	0.870070525	1.194461636	23.92507524	4.233435491	0.921800278	0.077154242	4.62295173	0.05301739	0.026606323	0.30218025	0.355278391	0.839051524	12.27972363	1.330984272	11.02198193	0.035451832	0.471870708	0.032996844	0.098133317
S004_A_1	0.306528219	0.165421569	0.021225871	0.351573027	0.272824196	0.151176017	0.112104894	0.293266665	0.237469989	0.083782506	0.458411412	28.44436297	3.76889582	1.046161324	0.270790397	5.899249117	0.916048909	0.802732569	22.66105465	3.944478459	0.88271682	0.085836104	7.841914397	0.035021225	0.019886339	0.226154044	0.168423172	0.485804971	9.630276195	1.016401936	8.942294506	0.02761544	0.321768087	0.024291379	0.084036798
S004_B_2	0.194902705	0.085210211	0.047545085	0.223252666	0.595330939	0.107659869	0.174748449	0.389606429	0.147497172	0.027581289	0.389215426	26.32786361	3.211144564	1.190327208	0.29091746	6.35626207	0.719648642	0.580268218	25.63066201	4.278754065	0.975632327	0.084532934	4.134665327	0.025345885	0.012396824	0.25786502	0.301103644	0.759969174	10.87566396	1.162690545	10.0618594	0.029416449	0.209169285	0.010577832	0.130713308
S004_A_2	0.25450024	0.124394134	0.022166586	0.382580909	0.296411865	0.15744421	0.113888826	0.311079379	0.249416155	0.082874294	0.351260789	28.60698705	3.617899927	0.974258747	0.273068331	4.787465069	0.924290633	0.60905895	23.18468896	4.008284023	0.913494417	0.080656655	7.875942243	0.035740237	0.019917555	0.214601549	0.145124167	0.48086213	10.01775054	1.080662185	9.345681761	0.032588618	0.32167973	0.023941234	0.079337899
S004_C_2	0.25540875	0.088780583	0.070087686	0.267462151	0.547888026	0.20862453	0.536050756	0.323815856	0.194646685	0.03472361	0.658127609	24.83723223	3.355636351	1.141465605	0.28210746	6.880172846	0.759077241	1.38946181	22.59884028	4.051868563	0.862357576	0.078942407	4.141926675	0.054757466	0.027785251	0.31702467	0.369839955	0.752399488	12.06290013	1.304831907	10.86540736	0.039532339	0.509065434	0.033669169	0.098081546
S009_C_1	0.204278426	0.065479793	0.071316756	0.174274765	0.34407337	0.174209829	0.609407826	0.310445334	0.148710864	0.027684025	0.421921783	25.50165737	2.906179376	1.276528074	0.317890166	5.299234303	0.338730235	1.131787782	25.84160852	3.586133693	1.056968029	0.079088264	5.133108932	0.073943055	0.03280652	0.327660875	0.279091421	0.606748692	11.33662708	0.779127846	10.72443747	0.032688779	0.682176385	0.052617083	0.051357276
S009_A_1	0.236398375	0.0226692	0.015246509	0.154248567	0.127878255	0.132518494	0.115683424	0.217800084	0.110771135	0.075719982	0.409850755	28.59978906	3.344370637	1.080842141	0.295064963	5.571073163	0.130050222	0.539304091	24.41334925	3.557634958	1.044630474	0.081904565	9.694874416	0.059564905	0.026503089	0.297543584	0.101661905	0.244611736	8.921013141	0.680404395	9.110382201	0.025290423	0.492908112	0.037218076	0.031225708
S009_B_1	0.129413521	0.063698533	0.051741289	0.107510749	0.306285758	0.103948032	0.20827569	0.25426004	0.035190797	0.013374046	0.347757838	25.88599172	3.487974252	1.516081284	0.318953592	6.236526848	0.262637952	0.534984553	27.91382381	4.049161461	1.18517312	0.085768715	4.878714711	0.034563068	0.017071796	0.287225444	0.252275201	0.357918161	9.846014956	0.771200459	10.05169026	0.02840507	0.329701602	0.022995253	0.023690409
S009_A_2	0.176303662	0.038980441	0.014744357	0.182941763	0.134361419	0.129055975	0.091507693	0.190530507	0.125374047	0.063778211	0.248487143	29.05280321	3.454272109	1.022943216	0.306985124	4.226496396	0.276931804	0.453897127	25.38048885	3.55160014	1.074140958	0.070303402	9.46486712	0.046432556	0.022330912	0.258197899	0.102966639	0.197083121	9.281882122	0.674990895	9.16280321	0.026877725	0.428168176	0.03937735	0.027094723
S009_C_2	0.140189454	0.096628085	0.041973053	0.090934188	0.201086723	0.161858227	0.485116018	0.153454973	0.037963648	0.017529398	0.402878641	25.2808232	3.018823674	1.070645174	0.334682039	4.572696242	0.150058352	0.850604159	27.1833944	3.82128099	1.101788534	0.078242585	5.088064648	0.071138859	0.033699669	0.291846197	0.217458641	0.310362348	11.6753096	0.827452553	11.42295633	0.032075404	0.656334473	0.050638385	0.030011142
S009_B_2	0.138342103	0.050242826	0.046275343	0.095035392	0.279323084	0.092859175	0.145091024	0.224638252	0.062625583	0.019499481	0.25935187	29.82662303	2.963053679	1.114939809	0.316941638	3.214436507	0.212708709	0.493653346	28.85145144	3.799361234	1.161881045	0.092239073	4.68251	0.030182206	0.016823392	0.324688111	0.235095843	0.414645386	10.01185876	0.714235009	9.749800083	0.022982952	0.261223676	0.015969669	0.059411266
S011_C_1	0.200048116	0.074100739	0.049332084	0.166600981	0.422873306	0.140080487	0.386344635	0.246652637	0.14127155	0.018526981	0.307184134	30.39729015	3.245748466	1.150636574	0.513082915	2.741516615	0.315245169	0.94982311	25.5422942	3.175058582	0.910653419	0.046038129	4.135382079	0.044466726	0.019243241	0.26234466	0.27887889	0.819189318	11.76234507	0.75694881	10.20235636	0.018632972	0.431006912	0.031778819	0.097023168
S011_B_1	0.175288845	0.057252805	0.042426956	0.108379542	0.4345077	0.084676842	0.155474757	0.295952188	0.09059048	0.015342622	0.269411029	32.15236308	3.346119545	1.246881335	0.444692377	4.094445792	0.33400384	0.52834272	26.62553446	3.285511871	0.996645452	0.06061306	4.045390827	0.020388319	0.011328125	0.259442185	0.292970754	0.847785754	9.636488031	0.662304118	9.054491773	0.017285339	0.194278244	0.010756488	0.102632753
S011_A_1	0.178688682	0.044380529	0.016590667	0.220739527	0.199451929	0.108722627	0.098104525	0.213378022	0.168335161	0.052345538	0.21626159	33.47246198	3.176278062	1.08806427	0.384170851	2.800361042	0.289069073	0.540268841	24.62710503	3.080366813	0.926529502	0.057349786	8.447980322	0.027793668	0.014391391	0.209366845	0.110150516	0.541120396	9.159178539	0.6319915	8.483120987	0.019024816	0.29999022	0.025895537	0.070971218
S011_A_2	0.214848832	0.051368231	0.018298624	0.263896948	0.242662003	0.117378189	0.090207786	0.285360622	0.204966034	0.059151202	0.185197756	32.41861268	3.251352053	1.040869445	0.278477978	3.122491765	0.310333421	0.531800752	24.58975745	3.418703973	0.918550082	0.066424449	8.388661301	0.029432025	0.013884081	0.21894028	0.125045758	0.540287526	9.369640495	0.732146868	8.510364768	0.020683244	0.269034251	0.01810271	0.08306642
S011_B_2	0.17498664	0.053698041	0.03522808	0.09859507	0.382701442	0.077240984	0.133069941	0.246312757	0.075060267	0.010794697	0.182134434	31.50132696	3.048262573	1.162888738	0.282288556	3.077368271	0.276116634	0.520118698	27.94660038	3.864832747	1.048314371	0.067252786	4.049395592	0.018828484	0.00801536	0.243030559	0.269174146	0.698227639	10.12572988	0.774821921	9.236749098	0.023503494	0.192173391	0.011080751	0.084076617
S011_C_2	0.203238664	0.074051937	0.049607751	0.150184458	0.376037944	0.149158355	0.416178776	0.236297098	0.120086047	0.021918668	0.299945317	27.2408208	2.891352096	1.152770355	0.317766305	2.998933846	0.298452061	0.997770568	26.52121637	3.754014528	0.999751175	0.069565703	4.617096342	0.047896239	0.023246766	0.290032956	0.28655878	0.819688494	12.11684885	0.994779004	10.83491156	0.028534526	0.483041064	0.038777227	0.079469372
S013_B_1	0.174451284	0.058408249	0.051821239	0.132055963	0.663586487	0.102816176	0.168099593	0.406357717	0.100203255	0.022373554	0.249560477	29.01945008	3.049443138	1.284738131	0.35385429	4.308749504	0.174222201	0.428641425	27.04903579	3.002453166	1.076217737	0.05804119	3.701732937	0.027801513	0.013938142	0.282808973	0.308944862	0.611814854	11.21870241	0.624820354	10.90078284	0.024588338	0.209763005	0.022657319	0.117063806
S013_A_1	0.172120558	0.033806844	0.018284247	0.285982215	0.304999374	0.133216436	0.081589077	0.315564586	0.179656827	0.070950242	0.198834147	30.53259174	3.1027874	1.077921801	0.324649207	4.140054583	0.188696189	0.488245254	25.28773202	2.624197771	1.006202698	0.057449145	7.419097209	0.032446545	0.015308188	0.207297813	0.131532382	0.325655923	10.46109575	0.538708329	9.811356885	0.01906011	0.294197869	0.027589362	0.091121265
S013_C_1	0.187187935	0.07499414	0.062088024	0.136457799	0.496369439	0.161767648	0.438476385	0.273951719	0.102585955	0.019003604	0.329312245	24.3729043	3.13891387	1.216127517	0.37979545	4.762207069	0.156279569	0.892426405	26.41630241	3.018285187	1.046666761	0.065100371	4.546203728	0.051233002	0.022689818	0.298917329	0.311491239	0.764384688	12.936586	0.703222133	12.01748111	0.023154306	0.466809998	0.034393619	0.076229231
S013_C_2	0.21930217	0.076299237	0.070562964	0.163066708	0.492735927	0.183979635	0.501229016	0.303859685	0.141622341	0.023929186	0.330219428	24.48755108	3.152825085	1.236993249	0.380236225	5.066960555	0.228988849	0.946649823	25.41164848	3.045023097	1.068408681	0.065664747	4.706059283	0.052658358	0.025752167	0.317933289	0.310909611	0.781165757	12.7405502	0.705200588	12.11022994	0.030604788	0.503229755	0.033356416	0.084593676
S013_A_2	0.153489509	0.035904473	0.019972069	0.245413447	0.246933908	0.142144596	0.093445758	0.267351106	0.130154133	0.07496305	0.237568613	27.84669861	3.642619028	1.16983378	0.340575684	4.855246745	0.072868735	0.518933599	25.24196169	2.999938696	1.049175377	0.059389248	8.251040602	0.043218997	0.025219714	0.251525986	0.110072693	0.243543712	10.52483208	0.588907462	10.00764092	0.023491408	0.400679405	0.025670033	0.059575141
S013_B_2	0.148959651	0.061759736	0.054088928	0.105967434	0.534121021	0.106560164	0.216252109	0.352583697	0.083506545	0.012086739	0.281035862	27.71631489	3.283608606	1.258634944	0.361579505	4.401452392	0.167099819	0.559293475	27.61637117	3.226138516	1.106132417	0.069064144	3.859921019	0.02960484	0.020462329	0.302485246	0.293888198	0.757241335	11.15571434	0.676253849	10.80560615	0.025123034	0.240029148	0.022725567	0.088333178
S008_A_1	0.253621022	0.083471055	0.024431436	0.347839922	0.288991229	0.132340747	0.10269351	0.336478162	0.249920713	0.082510617	0.182380514	27.76959081	2.872993355	1.413563126	0.2471881	6.825521696	0.336164933	0.591586706	24.56054482	3.440350225	0.928565709	0.07430105	8.128719724	0.032286356	0.017895208	0.205413856	0.133383334	0.518096004	9.705041491	0.799907897	8.874163658	0.022042478	0.301854669	0.020760895	0.095384978
S008_B_1	0.18176679	0.066425184	0.038168048	0.137774917	0.459423639	0.074898516	0.128992171	0.319819419	0.102153702	0.01776787	0.220686656	29.4500192	2.849920514	1.369145046	0.254395457	5.261141579	0.463165579	0.595677804	27.47211748	3.751375072	1.00988052	0.07469772	3.642535066	0.019524788	0.01165619	0.214264003	0.243888575	0.897183315	10.20994457	0.850307506	9.284207778	0.024219863	0.178287921	0.010728667	0.113838887
S008_C_1	0.204704302	0.078659379	0.054326085	0.171902656	0.437820825	0.146873148	0.381923963	0.277909246	0.136257533	0.024240309	0.47082409	25.07990734	3.029015204	1.300026957	0.278308515	5.682374962	0.391220684	1.104031387	25.58499048	4.175146573	0.971473924	0.095762108	4.302692173	0.044840946	0.026572731	0.259411552	0.264737984	0.857263808	11.65194131	1.117779292	10.73269613	0.030232636	0.486376638	0.038733022	0.109022122
S008_C_2	0.232347809	0.096811923	0.065039368	0.20799946	0.463800382	0.164518951	0.435046198	0.324772416	0.179518344	0.033245092	0.684170949	24.46496358	2.954967979	1.430976534	0.282621936	5.21554397	0.441271251	1.203339371	25.65487242	4.017633888	0.997197511	0.087806807	4.486465609	0.052490081	0.025424322	0.288607113	0.274930388	0.93917285	11.7106224	1.034459123	10.85473892	0.029918017	0.515418819	0.039072593	0.110213627
S008_B_2	0.187666732	0.063557012	0.032745717	0.121364912	0.391593986	0.076654516	0.1501099	0.279324957	0.086774786	0.018983282	0.41458013	27.05420778	3.186676906	1.445904504	0.270780917	5.062459416	0.40091318	0.578223411	28.15811089	4.26109114	1.065222827	0.088740013	3.905923696	0.021852222	0.012899968	0.246083835	0.234964097	0.806689829	10.45932829	0.931904282	9.626331872	0.028413237	0.220629501	0.013700495	0.095591754
S008_A_2	0.166472636	0.054399593	0.01360965	0.218427784	0.212476412	0.121637662	0.092541276	0.243849599	0.154297607	0.069560659	0.273420176	27.2707206	3.210679556	1.335499478	0.264217486	5.564715301	0.234565644	0.588943514	24.97103926	4.005605367	0.962344527	0.086336839	8.10860286	0.036104507	0.020512394	0.220022241	0.122408566	0.364934119	10.14062378	0.954326735	9.440577388	0.030243341	0.347000008	0.023677356	0.075606077
S010_A_1	0.171307971	0.029449486	0.022973329	0.276549088	0.288208445	0.124645536	0.075219043	0.348843211	0.151221983	0.071635239	0.471215587	28.89687814	3.760266648	1.185027322	0.23496992	10.95756499	0.077830879	0.648139944	21.44284702	4.299729727	0.926043261	0.087758321	6.546458318	0.028984725	0.01496267	0.16901468	0.139944206	0.385335823	8.542876184	0.989691542	8.284821072	0.031372731	0.241658323	0.023597049	0.05295759
S010_C_1	0.166392479	0.054535072	0.056087733	0.128212169	0.489892415	0.150446203	0.360505598	0.284101009	0.088398551	0.01980691	0.37189244	24.54326806	2.876495425	1.347831212	0.261658882	6.034793397	0.116502324	1.091286846	26.76078789	4.48127119	0.946963168	0.093979543	3.73378852	0.039929325	0.021246224	0.261391349	0.270688393	0.49780496	12.00329467	1.354511979	10.55785809	0.037298564	0.392499427	0.030791785	0.073788199
S010_B_1	0.130790324	0.044427575	0.025595879	0.054498533	0.374613167	0.06016271	0.097364954	0.236816596	0.022486756	0.011252167	0.301577467	28.66932051	3.183322814	1.346430589	0.238199334	7.53199641	0.104007072	0.456248497	27.76456969	4.837763841	0.990505795	0.090993735	3.080660072	0.015259056	0.009495043	0.214690022	0.226490435	0.407798065	9.568221107	1.115185108	8.52634961	0.032379869	0.152554851	0.011876706	0.066095637
S010_C_2	0.191771674	0.0573768	0.047249207	0.109981676	0.488890761	0.122703867	0.317372021	0.285717837	0.103404753	0.01703493	0.348451159	26.28199262	2.871778479	1.131478073	0.257340347	6.49948496	0.160523177	0.957479349	26.59521465	4.524890514	0.92197098	0.099241709	3.517161317	0.033977457	0.018142396	0.221311187	0.274042731	0.606303212	11.39689031	1.260493572	9.785880023	0.033544441	0.348987715	0.022904607	0.089011498
S010_A_2	0.192590812	0.039101522	0.012278533	0.261697902	0.357983019	0.130007545	0.069557735	0.385886746	0.136918145	0.080344149	0.301425558	30.10454435	3.44882	1.115131901	0.242257992	7.995258984	0.03027334	0.542159116	23.11073275	4.292067722	0.949161354	0.082535109	6.595781983	0.031845936	0.016501929	0.162390846	0.138098588	0.375587917	8.857301878	0.955047891	8.593285839	0.027941537	0.270936833	0.018066043	0.076478493
S010_B_2	0.144041372	0.046340835	0.031110348	0.058639013	0.399068907	0.071161868	0.139117154	0.260120801	0.025391436	0.014601148	0.263912045	28.60009534	3.097786422	1.346607662	0.247791328	7.233766407	0.121304644	0.542211317	27.1219003	4.600371219	1.023912008	0.089551844	3.333012989	0.019030291	0.012283008	0.216870587	0.257867103	0.447914382	9.827558677	1.083269228	9.059294106	0.036223632	0.167419058	0.010604522	0.049849002
S015_A_1	0.179180459	0.042466131	0.014830352	0.189819591	0.180994859	0.118056427	0.107989338	0.198502181	0.140364336	0.054580651	0.216346992	32.34888232	3.288728366	1.152370371	0.483451393	2.883964234	0.196177576	0.503895929	25.15532466	3.303186203	0.902810984	0.054532671	8.374720262	0.035970123	0.017188165	0.231896683	0.114143486	0.285791482	9.709426152	0.722226463	8.353187418	0.022714787	0.338015384	0.024450395	0.053813174
S015_C_1	0.194968369	0.0645704	0.055613431	0.170257419	0.446552526	0.147976816	0.390927723	0.27817865	0.141126944	0.020782177	0.269214103	27.16010544	2.69198047	1.153107105	0.456220201	3.115116236	0.335951509	0.890426087	26.87878315	3.551487327	0.902384331	0.059184687	4.251359336	0.042876351	0.020837281	0.269563036	0.280697162	0.705803957	12.83932013	1.059528959	10.55236802	0.025349643	0.445025149	0.034215807	0.09814006
S015_B_1	0.123114021	0.048422541	0.025032491	0.085825311	0.35965996	0.076215506	0.13318232	0.243493433	0.053766421	0.014087318	0.290522582	30.53459815	3.076222137	1.252095932	0.399380413	3.392905564	0.14611451	0.465204698	28.23406487	3.942441589	1.024097203	0.070709841	3.638306448	0.02265741	0.01132703	0.246162882	0.226670171	0.44757135	10.64122253	0.921720239	9.538806688	0.02501664	0.202817007	0.014946055	0.071618743
S015_B_2	0.14078958	0.048926855	0.030692357	0.085647023	0.333040417	0.081309006	0.14449234	0.219149687	0.054722787	0.01328161	0.230991656	30.526712	3.237138517	1.14186185	0.344729117	3.171878688	0.198975177	0.452108086	27.8378639	4.006235845	1.01973425	0.075304492	3.974799715	0.022565428	0.011419592	0.241409696	0.247356072	0.485986023	10.66397895	0.986536405	9.625423133	0.026405852	0.224857517	0.016601181	0.077075198
S015_C_2	0.172176661	0.068823763	0.058121118	0.169492057	0.350355894	0.15802814	0.471509016	0.243206423	0.141657801	0.024600015	0.418776675	24.57256054	2.698005547	1.179977147	0.332959455	3.946376193	0.253664014	0.935219592	26.96108733	3.814158745	0.958344398	0.079083433	4.632081129	0.050713757	0.022959315	0.297662618	0.274101177	0.575833364	12.99221022	1.139842261	11.35103754	0.030597454	0.510710031	0.040199315	0.073867857
S015_A_2	0.15722212	0.043188247	0.012544054	0.193761248	0.193194385	0.120379028	0.07366713	0.21337054	0.129475093	0.054801913	0.227417727	31.25342777	3.277766289	1.058702666	0.322995851	3.24345715	0.19835161	0.481570516	25.09485292	3.759318408	0.945420097	0.064644927	7.847302911	0.034185144	0.015742661	0.21065209	0.124233862	0.269663537	10.05549996	0.90154564	8.999551265	0.027387195	0.313102169	0.021672468	0.059931404
S016_C_1	0.21335814	0.069403372	0.067780852	0.217982905	0.425302377	0.181287506	0.490131266	0.304242028	0.183150353	0.0285878	0.686357925	25.55476137	2.083881002	1.542523222	0.355690575	2.709202706	0.327271433	1.114470608	27.43536548	2.028021549	0.993402377	0.039212683	4.614877536	0.052803304	0.02454758	0.313200441	0.311091424	0.631228775	13.93280816	0.42521119	12.02287729	0.016993873	0.485709975	0.036522172	0.080740754
S016_A_1	0.145569813	0.040217528	0.016221739	0.231948011	0.227581425	0.130109316	0.108854893	0.193838749	0.145495102	0.065120548	0.282737761	31.55549214	2.150110465	1.251847096	0.309408346	2.454001297	0.181104923	0.602391055	26.735174	2.063327481	0.946469466	0.036913232	7.189745033	0.032682863	0.013962194	0.196457968	0.112997994	0.197513795	11.67768904	0.404759565	9.934119061	0.015393007	0.285095422	0.023251554	0.042398118
S016_B_1	0.127326758	0.043693961	0.047109981	0.136059741	0.422925705	0.08961975	0.15830536	0.256306087	0.097581756	0.017430527	0.368405284	29.97195084	1.779742151	1.468284252	0.323468581	2.756078053	0.189630476	0.536300979	30.0713473	1.839460834	1.007491827	0.040526553	3.789612035	0.022076969	0.010543757	0.257936224	0.269380755	0.493590066	12.32558845	0.369891039	10.4168046	0.015982538	0.187877835	0.018089913	0.073579065
S016_B_2	0.141169353	0.063703826	0.038056508	0.12453204	0.392066558	0.088150018	0.157215683	0.249544892	0.084482972	0.012471834	0.287144955	30.03154576	2.061448991	1.418439257	0.31741856	2.914299445	0.225802646	0.515238531	30.05393692	2.145869716	1.020997355	0.039196586	3.555580514	0.020352562	0.011146018	0.244980885	0.244811292	0.447329481	12.06456759	0.415587599	10.33065632	0.016458367	0.187289474	0.013070007	0.065437481
S016_A_2	0.179737549	0.037735718	0.016354051	0.231170255	0.207760308	0.131311604	0.089025845	0.203121591	0.161453744	0.062056866	0.216525279	30.91080308	2.247797896	1.118767272	0.303541539	2.591286878	0.186841707	0.532989241	27.15171167	2.153506209	0.962040775	0.041133381	7.943057369	0.033252306	0.018327299	0.226918203	0.117679122	0.193980373	11.31855852	0.438712119	9.574042301	0.015578246	0.304761928	0.027417889	0.051041871
S016_C_2	0.171536822	0.071290478	0.060129542	0.176613182	0.408505473	0.157544146	0.436176398	0.247535584	0.14428447	0.024624443	0.324309975	26.42918439	1.816657505	1.249518331	0.317187071	2.915638935	0.290163476	1.023474035	28.43160848	2.135163282	0.982399463	0.036573296	4.456339819	0.041689583	0.01988915	0.293641846	0.280443757	0.568302412	13.82333902	0.514947887	11.60556109	0.018065941	0.425469554	0.032498581	0.069692586
S012_B_1	0.154654746	0.055715119	0.039950758	0.165448651	0.469624293	0.097442044	0.158956398	0.31679951	0.11416345	0.02687026	0.292500383	29.01608309	3.024134925	1.394528906	0.318966593	4.50253351	0.24951258	0.648557635	28.01046522	3.013731663	1.088148454	0.067660082	4.568040232	0.026324022	0.015313827	0.28801552	0.268988222	0.623287519	10.3831554	0.649633073	9.597834625	0.01847684	0.222563232	0.020042771	0.091876445
S012_A_1	0.208031129	0.040677221	0.022813073	0.301091008	0.233313629	0.133801961	0.089874194	0.235711093	0.209684728	0.073802361	0.186228994	32.60628734	2.553285195	1.126896874	0.312241003	3.214806263	0.348974336	0.649793249	25.13280341	2.45296493	0.952418842	0.040530276	8.845173076	0.03803098	0.020775243	0.244695894	0.126323376	0.426393361	9.488757107	0.470083891	8.785198437	0.013735891	0.325150776	0.025692862	0.063957992
S012_C_1	0.193945926	0.101164443	0.059964949	0.225414988	0.442524443	0.153609201	0.408280887	0.280982059	0.187202127	0.032086746	0.312863411	25.89811123	2.545038028	1.341899971	0.38650797	3.947140452	0.335531026	1.126683816	26.93465627	2.939184575	1.014024478	0.057968515	5.256016667	0.055576663	0.02702453	0.310401512	0.29009437	0.85045393	12.04910332	0.666801138	10.94848264	0.026448924	0.476829788	0.03699125	0.08098975
S012_B_2	0.159207244	0.05679666	0.041853267	0.127423859	0.425308954	0.078801201	0.115217967	0.295043116	0.088253755	0.015834919	0.182693991	30.76522937	2.828005572	1.274164	0.330406713	2.706792434	0.299438299	0.567538603	28.58261797	2.988243007	1.100585067	0.053601602	4.522775111	0.021108552	0.014991362	0.278291075	0.286375786	0.720663613	10.32853554	0.614359141	9.770646516	0.021044287	0.229779347	0.011795962	0.096576138
S012_C_2	0.244518129	0.065021065	0.072576665	0.180875573	0.414992118	0.158006909	0.418692403	0.256652551	0.173763768	0.026376796	0.271120627	27.68812008	2.482380177	1.127606646	0.354062536	3.182984532	0.336047805	1.132176723	27.04839343	2.855019918	1.024716584	0.061973283	5.166632175	0.053249109	0.023656363	0.304141995	0.304780084	0.879101372	11.85263721	0.67619533	10.55273769	0.023248277	0.470649578	0.031839658	0.085052843
S012_A_2	0.215356077	0.051477496	0.016039332	0.265589015	0.194325261	0.1368539	0.070075726	0.220010725	0.1627173	0.071006826	0.131665365	29.65959866	2.708285886	1.097588471	0.307430199	3.959590258	0.250873716	0.514685896	25.77244803	2.845490782	0.974808357	0.049953835	9.393280671	0.037217655	0.019251305	0.233551511	0.130330883	0.283561926	9.87398099	0.548414871	9.390173635	0.019265719	0.317961323	0.021551295	0.055587097
S014_C_1	0.171762057	0.07859882	0.04697259	0.139243548	0.31449178	0.150229311	0.41071249	0.189828045	0.112666364	0.01921328	0.266570958	24.60580102	2.479205659	1.073001591	0.292854982	4.182905317	0.252710858	0.886471853	27.72320495	3.739207366	1.01617914	0.069630909	5.268170264	0.047827811	0.024198447	0.307345383	0.273759615	0.589158344	12.59518292	1.029372163	11.00911829	0.030357325	0.493094457	0.038214338	0.072737754
S014_B_1	0.145151536	0.052165652	0.037234774	0.102579901	0.327022855	0.074095229	0.076586449	0.208826102	0.073656469	0.012684566	0.128959065	27.4436429	2.539345193	1.053572094	0.285427021	4.801862176	0.236835288	0.421954752	29.28361594	3.837543488	1.051045661	0.070263223	4.922903151	0.020454721	0.010414728	0.270123686	0.259541018	0.52288778	10.9567891	0.903650836	9.576755999	0.023085978	0.193291707	0.011232976	0.064797992
S014_A_1	0.147758481	0.048639154	0.01353607	0.156190978	0.136372156	0.119149329	0.098884008	0.150451308	0.108968785	0.048694689	0.180645754	28.98795095	2.694678698	1.019618744	0.271136479	3.591915365	0.175640835	0.525599297	26.32496001	3.567836776	0.996374631	0.063649332	9.717558817	0.041333846	0.019788272	0.235355933	0.115305797	0.202804167	9.901744996	0.782773475	9.095796603	0.022772464	0.373060159	0.026032381	0.03702126
S014_A_2	0.131732917	0.036783066	0.012082544	0.122345079	0.099845332	0.116536451	0.09506341	0.109189552	0.074225091	0.044326632	0.28518405	27.11392751	2.610960198	1.012131297	0.275443756	3.85071474	0.153969072	0.478058842	27.81513191	3.348884554	0.994429827	0.063052535	9.712993418	0.043697087	0.022136101	0.251917005	0.097291458	0.111895537	10.3344662	0.819806633	9.249153402	0.025738993	0.43200255	0.034818435	0.02006482
S014_B_2	0.140758958	0.056883492	0.038349649	0.092255297	0.265766267	0.081282196	0.170372703	0.177790333	0.063115518	0.01217763	0.22942192	27.84762053	2.524886017	1.125269909	0.27729911	3.519016974	0.1898572	0.463677569	30.58965059	3.462065452	1.067350365	0.070984623	4.387686691	0.026809274	0.012581155	0.307531584	0.238828703	0.490409142	11.20638979	0.810934752	9.686843647	0.023585034	0.264953847	0.017342239	0.060251846
S014_C_2	0.183277776	0.069778146	0.0524874	0.13482915	0.2843605	0.148596416	0.428230839	0.195967363	0.123185448	0.019005299	0.265431963	24.84644357	2.326771274	1.089411947	0.284806482	3.094517611	0.281970209	0.890903191	29.22267049	3.248033625	1.001916645	0.064414096	5.324267394	0.046902614	0.023336252	0.31717794	0.2689204	0.596959799	12.7445584	0.901221244	10.88946774	0.026274898	0.497489877	0.038714675	0.067699328
